%************************************************************
% List of az & elevation per observation: 18SEP21XU
% vgosDB wrapper filename: 18SEP21XU_V004_iGSF_kall.wrp
%
% Columns:
%	 1     .... scannumber
%	 2     .... mjd
%	 3     .... year
%	 4     .... day of year
%	 5-7   .... hour, min, sec
%	 8     .... station
%	 9     .... azimuth [rad]
%	 10    .... elevation [rad]
%	 11    .... source
%	 12    .... temperature [deg. C]
%	 13    .... pressure [hPa]
%	 14    .... water vapor pressure [hPa]
%************************************************************
%
     1 58382.78148 2018 264 18 45 20.00 KOKEE       0.109594586391862    0.214311708253659 1803+784   22.40   887.72   19.55
     1 58382.78148 2018 264 18 45 20.00 WETTZELL    6.117882589526670    1.034658013162297 1803+784   18.50   942.90   17.50
     2 58382.78267 2018 264 18 47  3.00 KOKEE       1.006269672097511    0.772987090607203 1128+385   22.42   887.80   19.63
     2 58382.78267 2018 264 18 47  3.00 WETTZELL    5.538737139078701    0.193835308749503 1128+385   18.42   942.92   17.78
     3 58382.78433 2018 264 18 49 26.00 KOKEE       5.580425498812246    0.856374519410644 0529+483   22.50   887.80   19.74
     3 58382.78433 2018 264 18 49 26.00 WETTZELL    0.368925086915118    0.199093961518759 0529+483   18.04   943.06   18.12
     4 58382.78633 2018 264 18 52 19.00 KOKEE       5.296114330887393    0.421737585731833 0307+380   22.54   887.80   20.00
     4 58382.78633 2018 264 18 52 19.00 WETTZELL    0.864752950212262    0.285044832416659 0307+380   17.69   943.28   18.55
     5 58382.78906 2018 264 18 56 15.00 KOKEE       5.530188548504064    0.216138053865299 0151+474   22.68   887.80   20.23
     5 58382.78906 2018 264 18 56 15.00 WETTZELL    0.932608280403332    0.581141673745920 0151+474   17.15   943.44   18.81
     6 58382.79183 2018 264 19  0 14.00 KOKEE       5.308796323734470    0.628520046363898 0415+398   22.90   887.80   20.20
     6 58382.79183 2018 264 19  0 14.00 WETTZELL    0.676574587923096    0.187850097182019 0415+398   16.73   943.53   18.79
     7 58382.79512 2018 264 19  4 58.00 KOKEE       1.291156395658106    0.375645939814468 1324+224   23.27   887.83   20.40
     7 58382.79512 2018 264 19  4 58.00 WETTZELL    5.067584899112571    0.204044024371199 1324+224   16.56   943.64   18.68
     8 58382.79730 2018 264 19  8  7.00 KOKEE       0.258081177671071    0.652922542791741 1053+704   23.47   887.90   20.70
     8 58382.79730 2018 264 19  8  7.00 WETTZELL    5.995833970286749    0.583568831940941 1053+704   16.47   943.73   18.57
     9 58382.79854 2018 264 19  9 54.00 KOKEE       6.157858004637407    0.694635300875338 0716+714   23.65   887.90   20.67
     9 58382.79854 2018 264 19  9 54.00 WETTZELL    0.064596459027530    0.535084043820863 0716+714   16.40   943.83   18.49
    10 58382.80039 2018 264 19 12 34.00 KOKEE       6.083145928138892    1.000347245121733 0749+540   23.92   887.90   20.64
    10 58382.80039 2018 264 19 12 34.00 WETTZELL    0.031901867259001    0.227023695425218 0749+540   16.32   943.94   18.43
    11 58382.80331 2018 264 19 16 46.00 KOKEE       5.314269298110927    0.339528011509409 0307+380   24.20   887.90   20.51
    11 58382.80331 2018 264 19 16 46.00 WETTZELL    0.931614957067650    0.339776142586126 0307+380   16.06   944.10   18.19
    12 58382.80610 2018 264 19 20 47.00 KOKEE       0.927568645076985    0.158337621523669 1504+377   24.40   887.90   20.69
    12 58382.80610 2018 264 19 20 47.00 WETTZELL    5.039480296102011    0.614991050170554 1504+377   15.65   944.30   17.73
    13 58382.80831 2018 264 19 23 58.00 KOKEE       0.765545454709296    0.508881714144127 1327+504   24.36   887.90   20.96
    13 58382.80831 2018 264 19 23 58.00 WETTZELL    5.477469245789835    0.514888562715315 1327+504   15.21   944.38   16.91
    14 58382.81039 2018 264 19 26 58.00 KOKEE       6.129451595696860    0.685007459310332 0716+714   24.30   887.90   21.14
    14 58382.81039 2018 264 19 26 58.00 WETTZELL    0.092092304943173    0.538907641273704 0716+714   14.87   944.53   16.02
    15 58382.81225 2018 264 19 29 38.00 KOKEE       6.008269256833237    0.984046977708928 0749+540   24.26   887.94   21.35
    15 58382.81225 2018 264 19 29 38.00 WETTZELL    0.077055901900267    0.229683736997912 0749+540   14.68   944.64   15.40
    16 58382.81502 2018 264 19 33 38.00 KOKEE       0.090206413655362    0.517839744548953 1053+815   24.20   888.00   21.44
    16 58382.81502 2018 264 19 33 38.00 WETTZELL    6.155422528612399    0.731492317400900 1053+815   14.28   944.74   14.42
    17 58382.81814 2018 264 19 38  7.00 KOKEE       5.044105246485236    0.238403016314759 0322+222   24.10   888.00   21.77
    17 58382.81814 2018 264 19 38  7.00 WETTZELL    1.138090527782781    0.146951718555883 0322+222   13.74   944.88   13.96
    18 58382.82016 2018 264 19 41  2.00 KOKEE       5.510257743394535    0.715024644450141 0529+483   24.10   888.00   22.23
    18 58382.82016 2018 264 19 41  2.00 WETTZELL    0.508605523817489    0.261857595643376 0529+483   13.46   945.02   14.02
    19 58382.82206 2018 264 19 43 46.00 KOKEE       0.954572832208442    0.233637735080083 1504+377   24.11   888.00   22.55
    19 58382.82206 2018 264 19 43 46.00 WETTZELL    5.100344702617844    0.553381051088152 1504+377   13.23   945.13   14.05
